-1354.98 499.416
1484.09 -471.892
-647.327 1509.83
-1498.61 1627.64
1995.26 -1599.9
-636.319 1449.52
1530.97 -1718.75
318.768 -1961.21
-1564.28 1186.36
1973.76 1018.66
-1295.74 1021.27
-925.125 423.717
-186.607 1307.72
1941.7 708.074
-1576.51 -606.792
-851.531 -931.489
1892.62 -1367.44
596.619 -754.704
-1857.6 1098.01
-1127.07 -1862.35
1498.11 236.615
1587.17 1029.08
517.86 -94.0622
1067.87 953.576
-907.704 1041.63
-27.7635 -203.44
62.9032 1047.11
-1779.72 1876.3
354.829 -1838.02
584.37 778.315
