-1864.35 795.061
1154.9 1183.82
825.24 916.87
-712.419 1993.36
1965.45 -1031.22
-176.127 368.744
418.975 1141.9
-1344.53 228.424
-1518.17 1440.05
1928.27 88.1575
-1620.22 571.598
-1136.45 -1556.06
-1696.88 -1502.76
-1619.64 1096.17
-1319.79 1023.07
1852.29 -1184.13
-181.871 1007.19
1999.69 -1356.63
-75.9381 -712.728
-1363.27 -110.487
256.056 460.598
-1741.74 -1324.97
-397.504 -1086.28
903.455 84.33
-1646.23 831.723
-1827.51 -1266.45
-596.679 -963.959
-822.513 -293.559
-466.714 -442.15
-1197.39 213.5
