-523.828 1068.82
922.274 -1030.61
-470.205 -297.589
-435.944 -1159.75
0.0329548 -1800.18
544.472 -862.014
-778.179 -672.079
-1131.72 1292.96
1752.88 -902.748
1969.79 659.826
-1191.54 1148.48
474.114 1747.13
290.2 -1763.02
459.958 -1452.2
-1007.04 848.894
-454.995 469.129
-82.285 -1532.72
1438.52 1447.51
169.69 -997.428
-1712.24 -1830.28
-797.605 832.236
-692.291 424.215
-1839.84 175.989
-282.825 1913.04
1273.24 -313.033
572.863 -1918.3
-1164.55 -953.023
1828.83 1125.65
-716.046 288.787
1673.44 276.911
