-189.246 1936.89
45.8792 -1917.42
-816.725 1318.26
-566.826 423.533
1992.9 -1406.65
-1807.93 -234.693
-168.497 -755.783
1775.88 -1225.71
1128.39 -714.96
-34.3622 1387.13
613.262 -1119.74
-315.446 1117.86
1321.22 -1613.99
1446.17 851.712
-140.586 -33.7526
734.522 1670.17
-96.8664 -1219.6
1752.74 1086.41
-1901.34 -814.081
-490.059 -1908.44
-220.73 -297.993
-143.133 1610.77
946.224 -367.253
-1614.94 74.6091
917.787 350.701
-538.265 -468.951
1230.97 1146.29
-1351.09 552.181
1532.3 -1904.93
-596.107 -608.283
