-1041.77 1349.61
582.418 615.285
984.837 1096.1
338.93 -814.615
1953.55 -1244.62
-1019.42 36.4668
-1905.53 160.504
1179.25 -535.515
1766.4 -680.833
-97.233 -308.406
444.886 -1327.02
-1780.76 1719.47
748.716 -623.653
-1159.78 897.923
-807.985 -1592.18
202.35 150.249
1757.44 -1215.23
-1234.47 742.272
1880.87 1104.46
1927.66 1834.42
1859.84 -1091.77
-129.115 1954.31
1068.74 -949.862
-581.203 835.142
369.305 1321.56
-1473.26 -1185.81
1994.54 -1254.02
-1466.34 743.259
122.325 -626.122
-358.818 1314.34
